0.000060
0.000100
0.000164
0.000270
0.000446
0.000735
0.001212
0.001998
0.003294
0.005429
0.008946
0.014739
0.024269
0.039930
0.065611
0.107580
0.175800
0.285771
0.460847
0.734656
1.152798
1.772785
2.661670
3.891958
5.537229
7.668770
10.353670
13.654142
17.627625
22.327231
27.802316
34.099026
41.260784
49.328692
58.341866
68.337698
79.352082
91.419585
104.573587
118.846403
134.269371
150.872948
168.686770
187.739872
208.060299
229.675833
252.614812
276.900355
302.558861
329.628301
358.120538
388.030742
419.428203
452.403877
486.885544
522.728902
560.072948
599.316143
640.533573
683.155636
726.598591
771.210166
818.251380
868.664160
921.793834
975.555760
1028.230269
1080.265921
1134.414867
1194.072448
1260.830453
1332.737838
1404.865112
1472.321179
1533.454004
1590.894336
1650.424856
1718.859757
1801.457447
1899.035693
2006.114497
