0.000151
0.000249
0.000410
0.000676
0.001115
0.001838
0.003030
0.004996
0.008236
0.013577
0.022379
0.036883
0.060771
0.100090
0.164740
0.270855
0.444552
0.727643
1.185963
1.920729
3.082572
4.886692
7.626501
11.683107
17.529341
25.728853
36.931900
51.869575
71.347717
96.241199
127.488879
166.089248
213.096735
269.618566
336.812082
415.882435
508.080574
614.701470
737.082509
876.602036
1034.678067
1212.767150
1412.363326
1634.998693
1882.237194
2155.684591
2456.990127
2787.775804
3149.769214
3544.868194
3974.595997
4440.373101
4944.839304
5490.763439
6078.195623
6706.467018
7380.152559
8107.863355
8891.492840
9721.205939
10588.381355
11503.598132
12494.815952
13581.288777
14747.505621
15948.528937
17150.381409
18369.776040
19675.865035
21150.402315
22828.702401
24657.529991
26510.633196
28266.366977
29889.976731
31460.775056
33143.006230
35128.967815
37565.730293
40470.262904
43673.935454
