0.000045
0.000075
0.000123
0.000203
0.000335
0.000553
0.000911
0.001502
0.002476
0.004078
0.006715
0.011048
0.018150
0.029750
0.048587
0.078889
0.126927
0.201412
0.313260
0.474075
0.693144
0.974072
1.313255
1.701405
2.126918
2.578877
3.048573
3.529734
4.018131
4.511027
5.006692
5.504053
6.002447
6.501470
7.000876
7.500513
8.000292
8.500157
9.000074
9.500023
9.999991
10.499971
10.999955
11.499944
11.999932
12.499917
12.999931
13.499917
13.999844
14.499956
15.000121
15.499752
15.999386
16.500262
17.001340
17.499994
17.997093
18.497577
19.003177
19.507480
20.002597
20.490508
20.984056
21.494325
22.016786
22.531761
23.021253
23.486424
23.949657
24.440360
24.974206
25.538479
26.095944
26.608051
27.059599
27.466702
27.868165
28.310113
28.828660
29.431761
30.087872
