0.000040
0.000066
0.000109
0.000180
0.000297
0.000490
0.000808
0.001332
0.002195
0.003617
0.005957
0.009807
0.016128
0.026480
0.043366
0.070724
0.114587
0.183801
0.290500
0.449791
0.678091
0.990205
1.396369
1.900824
2.502446
3.196584
3.976967
4.837044
5.770701
6.772544
7.837941
8.962954
10.144236
11.378929
12.664570
13.999019
15.380397
16.807039
18.277454
19.790299
21.344352
22.938496
24.571701
26.243030
27.951588
29.696558
31.477293
33.292849
35.142482
37.026477
38.943590
40.891069
42.870763
44.886890
46.934200
49.001676
51.093520
53.230315
55.417601
57.625903
59.821192
62.014455
64.264387
66.619219
69.054145
71.475319
73.799663
76.036815
78.297661
80.724949
83.391576
86.228622
89.045751
91.648688
93.964039
96.079651
98.200806
100.570847
103.379363
106.663945
110.248115
