0.001090
0.001796
0.002962
0.004883
0.008051
0.013274
0.021884
0.036081
0.059485
0.098070
0.161676
0.266522
0.439322
0.724052
1.193037
1.965030
3.234531
5.318800
8.732095
14.300130
23.330758
37.857518
60.969145
97.230062
153.186814
237.947389
363.816745
546.972565
808.168220
1173.453445
1674.906250
2351.371837
3249.205875
4423.020466
5936.431785
7862.808723
10286.021973
13301.193045
17015.442795
21548.639382
27034.147723
33619.578292
41467.545021
50756.452690
61681.049761
74453.755063
89305.014338
106481.391495
126253.971250
148918.432812
174767.250174
204116.965869
237379.517106
274971.640142
317148.914595
364190.295690
416801.505870
475938.428659
541963.950641
614368.443194
692959.229516
779344.274730
876570.581204
986587.644347
1107853.781600
1236138.584063
1368839.633026
1509101.370114
1665785.362059
1848765.243487
2061888.667774
2297948.317296
2540911.531003
2776090.276727
3000921.095439
3228625.177457
3484409.762379
3797499.424296
4189989.132597
4663258.212882
5188924.669727
