0.000528
0.000871
0.001435
0.002367
0.003902
0.006433
0.010606
0.017486
0.028829
0.047527
0.078350
0.129153
0.212870
0.350780
0.577843
0.951367
1.564959
2.570653
4.213244
6.881824
11.183664
18.043955
28.831181
45.503037
70.764217
108.226761
162.565639
239.665390
346.756231
492.539785
687.305373
943.038083
1273.519828
1694.424439
2223.407698
2880.192997
3686.653190
4666.888990
5847.304234
7256.678336
8926.236815
10889.719696
13183.449811
15846.411090
18920.251812
22449.502262
26481.571170
31066.001979
36256.535226
42111.352067
48685.456412
56036.688211
64244.638244
73389.579386
83509.382081
94640.747025
106918.386825
120539.839988
135568.153097
151857.364686
169316.409651
188250.202101
209293.696928
232860.143722
258610.281543
285605.661762
313218.016810
342005.732957
373723.077942
410361.858345
452722.379407
499392.470545
547173.548812
593081.912366
636469.753387
679737.892201
727586.347713
785481.846607
857572.092172
944184.493311
1040169.670945
