0.000080
0.000132
0.000218
0.000359
0.000592
0.000975
0.001607
0.002649
0.004364
0.007188
0.011828
0.019442
0.031894
0.052154
0.084849
0.136919
0.218160
0.341047
0.518823
0.761071
1.067828
1.426306
1.814084
2.207291
2.587770
2.945461
3.276968
3.582928
3.865848
4.128776
4.374651
4.606044
4.825101
5.033577
5.232895
5.424209
5.608459
5.786419
5.958728
6.125925
6.288463
6.446730
6.601061
6.751748
6.899048
7.043184
7.184368
7.322766
7.458527
7.591864
7.722883
7.851551
7.978094
8.102938
8.225953
8.346576
8.465035
8.582563
8.699711
8.815135
8.927052
9.035835
9.144327
9.255096
9.367376
9.477076
9.580333
9.677238
9.772329
9.871685
9.978684
10.091017
10.201425
10.302280
10.390462
10.468938
10.545059
10.627588
10.723418
10.834220
10.954374
