0.000091
0.000150
0.000247
0.000407
0.000671
0.001106
0.001824
0.003006
0.004956
0.008169
0.013465
0.022187
0.036548
0.060169
0.098963
0.162524
0.266264
0.434565
0.705127
1.134363
1.803077
2.820956
4.328312
6.494340
9.512626
13.595469
18.968485
25.866260
34.529198
45.201382
58.129185
73.560391
91.743648
112.928137
137.363360
165.299026
196.984965
232.671085
272.607329
317.043638
366.229930
420.416105
479.852017
544.787974
615.473181
692.158493
775.098142
864.529451
960.706699
1063.925362
1174.378450
1292.210038
1417.862657
1551.835529
1693.957680
1843.819144
2002.228306
2171.018229
2350.541470
2538.395308
2732.281123
2934.130082
3149.859592
3383.702824
3632.438102
3886.350156
4137.743722
4389.406492
4655.115422
4951.506346
5286.059615
5648.543680
6013.977515
6357.929723
6672.741724
6972.848921
7289.039459
7657.477976
8105.944774
8638.191699
9223.788410
