0.000045
0.000075
0.000123
0.000203
0.000335
0.000553
0.000912
0.001503
0.002477
0.004083
0.006727
0.011078
0.018232
0.029972
0.049180
0.080459
0.131012
0.211781
0.338646
0.533215
0.822463
1.236711
1.806278
2.558140
3.513905
4.689454
6.095726
7.739928
9.626660
11.758804
14.138143
16.765772
19.642358
22.768310
26.143874
29.769204
33.644392
37.769497
42.144555
46.769583
51.644591
56.769577
62.144532
67.769486
73.644384
79.769248
86.144477
92.769192
99.643325
106.770282
114.147113
121.765761
129.636690
137.777816
146.167673
154.764116
163.590796
172.736759
182.221026
191.912223
201.667330
211.548266
221.825881
232.712178
244.077558
255.478027
266.533674
277.313023
288.367539
300.392328
313.727459
328.004250
342.252668
355.496500
367.385216
378.399049
389.626352
402.353554
417.578079
435.476104
455.062998
