0.000272
0.000449
0.000740
0.001221
0.002013
0.003318
0.005471
0.009020
0.014870
0.024514
0.040410
0.066607
0.109768
0.180844
0.297801
0.490021
0.805316
1.320874
2.159830
3.515183
5.682171
9.098479
14.389290
22.412341
34.298126
51.482272
75.729458
109.149979
154.210694
213.742039
290.942425
389.380971
512.999179
666.111973
853.408342
1079.951738
1351.180315
1672.907025
2051.319588
2492.980354
3004.826267
3594.168865
4268.694535
5036.469111
5905.919849
6885.876865
7985.568418
9214.382245
10582.385598
12100.472868
13778.315868
15625.664267
17657.354518
19888.479776
22323.282631
24964.288331
27836.647899
30981.410198
34409.422944
38081.863815
41968.724103
46127.163845
50690.082514
55746.134990
61222.093445
66911.728985
72667.432314
78586.789805
85017.732716
92363.210432
100790.828387
110025.528551
119430.968104
128403.557665
136790.079311
145026.735497
153991.352743
164708.313287
177957.836926
193815.317953
211348.075056
