0.000091
0.000150
0.000247
0.000407
0.000671
0.001106
0.001824
0.003006
0.004956
0.008169
0.013465
0.022187
0.036548
0.060169
0.098964
0.162525
0.266266
0.434567
0.705130
1.134369
1.803086
2.820970
4.328332
6.494370
9.512669
13.595529
18.968568
25.866374
34.529354
45.201594
58.129472
73.560777
91.744165
112.928816
137.364234
165.300117
196.986283
232.672619
272.609060
317.045564
366.232105
420.418670
479.855250
544.791837
615.478430
692.165026
775.101624
864.538223
960.724822
1063.911422
1174.348023
1292.284623
1417.971224
1551.657824
1693.594425
1844.031026
2003.217626
2171.404227
2348.840828
2535.777429
2732.464029
2939.150630
3156.087231
3383.523832
3621.710432
3870.897033
4131.333634
4403.270234
4686.956835
4982.643436
5290.580037
5611.016637
5944.203238
6290.389839
6649.826440
7022.763040
7409.449641
7810.136242
8225.072843
8654.509443
9098.696044
