0.001090
0.001796
0.002962
0.004883
0.008051
0.013274
0.021885
0.036081
0.059485
0.098070
0.161677
0.266523
0.439324
0.724056
1.193043
1.965040
3.234547
5.318827
8.732138
14.300202
23.330874
37.857707
60.969450
97.230550
153.187589
237.948609
363.818649
546.975514
808.172749
1173.460332
1674.916589
2351.387108
3249.227974
4423.051646
5936.474455
7862.865080
10286.093626
13301.281063
17015.548883
21548.768899
27034.313115
33619.803653
41467.862707
50756.862511
61681.675327
74454.423434
89305.229119
106482.964675
126256.002399
148912.964590
174763.473547
204138.901572
237393.120967
274903.254033
317070.423072
364320.500385
417104.858276
475901.119047
541213.904999
613575.588434
693547.041656
781718.386965
878709.746664
985171.993057
1101787.498443
1229270.885127
1368369.775409
1519865.541593
1684574.055980
1863346.440873
2057069.818573
2266668.061384
2493102.541607
2737372.881544
3000517.703498
3283615.379771
3587784.782665
3914186.034482
4264021.257524
4638535.324094
5039016.606494
