0.000045
0.000075
0.000123
0.000203
0.000335
0.000553
0.000911
0.001502
0.002476
0.004078
0.006715
0.011048
0.018150
0.029750
0.048587
0.078890
0.126928
0.201413
0.313262
0.474077
0.693147
0.974077
1.313262
1.701413
2.126928
2.578890
3.048587
3.529750
4.018150
4.511048
5.006715
5.504078
6.002476
6.501502
7.000911
7.500553
8.000335
8.500203
9.000123
9.500075
10.000045
10.500028
11.000017
11.500010
12.000006
12.500004
13.000002
13.500001
14.000001
14.500001
15.000000
15.500000
16.000000
16.500000
17.000000
17.500000
18.000000
18.500000
19.000000
19.500000
20.000000
20.500000
21.000000
21.500000
22.000000
22.500000
23.000000
23.500000
24.000000
24.500000
25.000000
25.500000
26.000000
26.500000
27.000000
27.500000
28.000000
28.500000
29.000000
29.500000
30.000000
