0.000045
0.000075
0.000123
0.000203
0.000335
0.000553
0.000912
0.001503
0.002477
0.004083
0.006727
0.011078
0.018232
0.029972
0.049181
0.080459
0.131012
0.211782
0.338648
0.533217
0.822467
1.236717
1.806286
2.558152
3.513922
4.689475
6.095753
7.739962
9.626702
11.758856
14.138207
16.765851
19.642457
22.768431
26.144022
29.769381
33.644599
37.769731
42.144811
46.769859
51.644889
56.769907
62.144917
67.769924
73.644928
79.769930
86.144932
92.769933
99.644933
106.769934
114.144934
121.769934
129.644934
137.769934
146.144934
154.769934
163.644934
172.769934
182.144934
191.769934
201.644934
211.769934
222.144934
232.769934
243.644934
254.769934
266.144934
277.769934
289.644934
301.769934
314.144934
326.769934
339.644934
352.769934
366.144934
379.769934
393.644934
407.769934
422.144934
436.769934
451.644934
