0.000272
0.000449
0.000740
0.001221
0.002013
0.003318
0.005471
0.009020
0.014870
0.024514
0.040411
0.066608
0.109768
0.180844
0.297802
0.490023
0.805319
1.320880
2.159839
3.515198
5.682195
9.098519
14.389354
22.412441
34.298280
51.482506
75.729809
109.150498
154.211457
213.743152
290.944035
389.383268
513.002400
666.116389
853.414227
1079.959321
1351.189719
1672.918254
2051.332628
2492.995465
3004.844338
3594.191793
4268.725357
5036.507546
5905.975871
6885.942837
7985.595949
9214.497708
10582.585617
12100.172175
13777.944884
15626.966243
17658.673753
19884.879914
22317.772226
24969.913189
27854.240304
30984.066069
34373.077985
38035.338552
41985.285271
46237.730640
50807.862161
55711.242333
60963.808656
66581.873630
72582.124755
78981.624531
85797.810458
93048.495036
100751.865766
108926.485147
117591.290678
126765.594861
136469.085195
146721.824180
157544.249316
168957.173103
180981.783041
193639.641631
206952.686371
