-0.999714
-0.998492
-0.996295
-0.993125
-0.988984
-0.983878
-0.977809
-0.970786
-0.962814
-0.953901
-0.944056
-0.933289
-0.921609
-0.909030
-0.895562
-0.881219
-0.866015
-0.849965
-0.833084
-0.815389
-0.796898
-0.777628
-0.757598
-0.736828
-0.715338
-0.693149
-0.670283
-0.646762
-0.622609
-0.597847
-0.572502
-0.546597
-0.520158
-0.493211
-0.465782
-0.437897
-0.409585
-0.380873
-0.351789
-0.322360
-0.292617
-0.262588
-0.232302
-0.201790
-0.171080
-0.140203
-0.109189
-0.078069
-0.046872
-0.015629
0.015629
0.046872
0.078069
0.109189
0.140203
0.171080
0.201790
0.232302
0.262588
0.292617
0.322360
0.351789
0.380873
0.409585
0.437897
0.465782
0.493211
0.520158
0.546597
0.572502
0.597847
0.622609
0.646762
0.670283
0.693149
0.715338
0.736828
0.757598
0.777628
0.796898
0.815389
0.833084
0.849965
0.866015
0.881219
0.895562
0.909030
0.921609
0.933289
0.944056
0.953901
0.962814
0.970786
0.977809
0.983878
0.988984
0.993125
0.996295
0.998492
0.999714
