0.000735
0.001709
0.002684
0.003656
0.004624
0.005588
0.006547
0.007499
0.008444
0.009380
0.010308
0.011225
0.012131
0.013026
0.013908
0.014776
0.015630
0.016468
0.017290
0.018096
0.018884
0.019653
0.020403
0.021133
0.021843
0.022531
0.023197
0.023841
0.024461
0.025058
0.025629
0.026176
0.026697
0.027193
0.027661
0.028103
0.028517
0.028903
0.029261
0.029590
0.029891
0.030162
0.030404
0.030616
0.030798
0.030950
0.031072
0.031164
0.031225
0.031255
0.031255
0.031225
0.031164
0.031072
0.030950
0.030798
0.030616
0.030404
0.030162
0.029891
0.029590
0.029261
0.028903
0.028517
0.028103
0.027661
0.027193
0.026697
0.026176
0.025629
0.025058
0.024461
0.023841
0.023197
0.022531
0.021843
0.021133
0.020403
0.019653
0.018884
0.018096
0.017290
0.016468
0.015630
0.014776
0.013908
0.013026
0.012131
0.011225
0.010308
0.009380
0.008444
0.007499
0.006547
0.005588
0.004624
0.003656
0.002684
0.001709
0.000735
